b:
  avg_value: -39.20822584345041
  cosine_fitted_amplitude: 110.2885103981479
  phase_offset: -67.79106065381653
c:
  avg_value: -147.70234659491206
  cosine_fitted_amplitude: 104.88636883440077
  phase_offset: -131.40976428868478
d:
  avg_value: 109.20220509555402
  cosine_fitted_amplitude: 99.47482434530912
  phase_offset: 128.76029725851507
