b:
  avg_value: -143.787598390901
  cosine_fitted_amplitude: 106.92569256800276
  phase_offset: -71.7329571331234
c:
  avg_value: -243.32499646833367
  cosine_fitted_amplitude: 101.8931221371159
  phase_offset: -138.63212415570334
d:
  avg_value: 21.788838691253186
  cosine_fitted_amplitude: 96.92695646821981
  phase_offset: 118.34593688949101
