a:
  avg_value: -39.04498942701163
  cosine_fitted_amplitude: 112.33966259742601
  phase_offset: 18.02568459877343
b:
  avg_value: -113.03354827315563
  cosine_fitted_amplitude: 107.92020386947611
  phase_offset: -71.14570335741278
c:
  avg_value: -214.1579696898919
  cosine_fitted_amplitude: 102.79328543751417
  phase_offset: -137.01726722107597
d:
  avg_value: 48.84297255292811
  cosine_fitted_amplitude: 97.82036819074597
  phase_offset: 120.9186799976684
