b:
  avg_value: 944284331.6557223
  cosine_fitted_amplitude: 14839495.539462801
  phase_offset: 112.16853028527926
c:
  avg_value: 959032528.4590635
  cosine_fitted_amplitude: 14819079.916949678
  phase_offset: 48.56082702040592
d:
  avg_value: 921677493.8632516
  cosine_fitted_amplitude: 13238022.148298455
  phase_offset: -51.27050518653648
