a:
  avg_value: 944208615.8440989
  cosine_fitted_amplitude: 14840493.264500432
  phase_offset: -161.39349599788815
b:
  avg_value: 958217317.1944067
  cosine_fitted_amplitude: 14819062.972691577
  phase_offset: 108.23044394838557
c:
  avg_value: 972209465.3385019
  cosine_fitted_amplitude: 14795990.28166521
  phase_offset: 41.338232150958554
d:
  avg_value: 986178720.6397725
  cosine_fitted_amplitude: 14773057.608137408
  phase_offset: -61.68195311823985
